INDEX RERUM ΕΤ NOMINUM. 247

,61111115 235. 535 001160- halitus 843. 903. 973. 12435.
ia f. 1033 creatio 113 134,5,168,53.176,5
’5155 1435 retardatio 935 herbae 3138135. 24235 551155115
10235, 18935 803
11111612235.173,55 1111111161111651610116 21135
,flegmaticus 3614 55. 15555515155155515, 455. naturae

,35. 383 5035. 74,.55 (1111566435 5011011833

9,43 5 199,. 16557 ,1763 1555555555, ossceum= ὅσχεον.
54935. 29035 5151155515 1013. 18135
1555515115 2137 2,18,5 humores 55511 2273
293 hydropisis, ydropirs= hydrops3
›per manus 19735 hydropicus 2635. 8835, 15635.
5 temperamentum 117, 55 2083
s 523. 5635. 7335. 8835 hyle 1,.5 223
51435. 3035 1016110153 11555 ρος 155,.5 20535
itum 1439035 ieeur 9835, 14935 1. (1515512235
43 (15111165 176, 55 indigestio 9735
14135 officium 4235 perforetio 983
1733, 1743. 17535. 19035, ἶῃὶ111511ἒ6220635 balaenae 19235
, 5555 55
193 Jheremias 5135
,s 129,55; 55 [05106696 1311162035. 3935
,6111)1. Haupt Zs. 5355] iliaca 100351273.1293518035
'a 1683. 16933, 17435. 1500511116111155373514035.19235.
r. 188,44. 21635 21235
,5 5155555 2193 indigestio 993 15155 178 55
(15552093 55515555 45 55 66 55 10935 24235
l11: goempfhiirn 215‚ffle inflatio 1015551553 51535155-
um, anoe gerlo 1= pisis
ophyllgum 186,5.5 19535. insania 1563

insipientie 19835
115 443 55, 6535. 7735 insomnietas 1843
55183. 14035 111161150155 150 35
115 0935 823 187 55 interfector 551 553
15155115517935

um 188,41. 1963 151548351. 103515519435
Ι111. -16ῗης15215179455, 17335 1115195853 5.5 1463 1493515535.
118 24 99 5
192352943515551293ς555[Ρ1155.5..15ΧΧ1140]
gulositas 16635, 21135 Julius, 'Junius 19535
5535161. 17835. 1843, iuniperus 1755
14. 2083. 21335 p·ara 15011735 1113

135,55 1150111011 17635. 21335. 21635.
16 (10101 122, 35 218, 55
1116935. 17035 1501111166 943, 14735. 14835.
1435 17235

 

